4891
0 0 0 9
1 0 1 9
2 0 3 3
2 4 3 9
4 0 4 9
5 0 5 9
6 0 9 1
6 2 7 6
6 7 9 9
8 2 9 6
0 10 0 17
0 18 4 19
1 10 6 11
1 12 3 14
1 15 4 17
4 12 6 14
5 15 6 19
7 10 7 19
8 10 8 19
9 10 9 19
0 20 0 28
0 29 8 29
1 20 5 21
1 22 5 23
1 24 8 24
1 25 5 26
1 27 5 28
6 20 8 23
6 25 8 28
9 20 9 29
0 30 7 30
0 31 7 31
0 32 1 37
0 38 9 38
0 39 9 39
2 32 4 34
2 35 4 37
5 32 7 34
5 35 7 37
8 30 8 37
9 30 9 37
0 40 1 44
0 45 3 46
0 47 9 47
0 48 9 48
0 49 9 49
2 40 3 44
4 40 6 42
4 43 6 46
7 40 9 42
7 43 9 46
0 50 3 51
0 52 0 59
1 52 3 55
1 56 3 59
4 50 4 57
4 58 7 59
5 50 7 53
5 54 7 57
8 50 8 59
9 50 9 59
0 60 0 69
1 60 1 67
1 68 6 69
2 60 9 60
2 61 9 61
2 62 4 64
2 65 4 67
5 62 6 67
7 62 9 65
7 66 9 69
0 70 1 75
0 76 1 79
2 70 2 79
3 70 4 75
3 76 5 79
5 70 6 75
6 76 8 79
7 70 8 75
9 70 9 79
0 80 0 88
0 89 9 89
1 80 1 88
2 80 7 81
2 82 7 83
2 84 7 85
2 86 5 88
6 86 9 88
8 80 9 85
0 90 0 97
0 98 9 98
0 99 9 99
1 90 4 91
1 92 4 93
1 94 2 97
3 94 5 97
5 90 7 93
6 94 7 97
8 90 9 93
8 94 9 97
0 100 0 107
0 108 9 108
0 109 9 109
1 100 3 103
1 104 3 107
4 100 5 105
4 106 9 107
6 100 7 105
8 100 9 105
0 110 0 119
1 110 1 119
2 110 2 117
2 118 7 119
3 110 8 111
3 112 5 114
3 115 5 117
6 112 7 117
8 112 8 119
9 110 9 119
0 120 9 120
0 121 1 125
0 126 9 126
0 127 9 127
0 128 3 129
2 121 3 125
4 121 5 125
4 128 9 129
6 121 9 122
6 123 9 125
0 130 0 139
1 130 4 131
1 132 6 133
1 134 6 135
1 136 3 139
4 136 6 139
5 130 9 131
7 132 9 135
7 136 9 139
0 140 0 149
1 140 1 149
2 140 2 149
3 140 3 149
4 140 5 145
4 146 6 149
6 140 9 142
6 143 9 145
7 146 9 149
0 150 0 157
0 158 8 158
0 159 8 159
1 150 2 154
1 155 4 157
3 150 4 154
5 150 6 155
5 156 8 157
7 150 8 155
9 150 9 159
0 160 0 167
0 168 8 168
0 169 8 169
1 160 8 160
1 161 8 161
1 162 2 165
1 166 4 167
3 162 4 165
5 162 6 167
7 162 8 167
9 160 9 169
0 170 0 177
0 178 7 178
0 179 9 179
1 170 2 173
1 174 4 175
1 176 4 177
3 170 4 173
5 170 9 171
5 172 9 173
5 174 7 177
8 174 9 178
0 180 0 187
0 188 8 188
0 189 8 189
1 180 4 181
1 182 2 187
3 182 4 187
5 180 8 182
5 183 6 187
7 183 8 187
9 180 9 189
0 190 0 198
0 199 9 199
1 190 6 191
1 192 6 193
1 194 6 195
1 196 6 197
1 198 9 198
7 190 9 193
7 194 9 197
0 200 0 209
1 200 1 209
2 200 3 205
2 206 3 209
4 200 7 201
4 202 5 206
4 207 7 209
6 202 7 206
8 200 9 203
8 204 9 209
0 210 0 219
1 210 2 213
1 214 6 215
1 216 6 217
1 218 6 219
3 210 8 211
3 212 8 213
7 214 8 219
9 210 9 219
0 220 9 220
0 221 9 221
0 222 9 222
0 223 9 223
0 224 3 226
0 227 3 229
4 224 9 225
4 226 9 227
4 228 9 229
0 230 0 238
0 239 9 239
1 230 1 238
2 230 2 238
3 230 3 238
4 230 4 238
5 230 5 238
6 230 9 232
6 233 7 238
8 233 9 238
0 240 0 247
0 248 9 248
0 249 9 249
1 240 9 240
1 241 2 246
1 247 9 247
3 241 7 242
3 243 7 244
3 245 7 246
8 241 9 246
10 0 10 7
10 8 13 9
11 0 19 0
11 1 19 1
11 2 13 4
11 5 13 7
14 2 17 3
14 4 15 9
16 4 17 9
18 2 19 5
18 6 19 9
10 10 10 19
11 10 11 19
12 10 14 13
12 14 14 17
12 18 17 19
15 10 19 11
15 12 19 13
15 14 17 17
18 14 19 19
10 20 19 20
10 21 14 22
10 23 15 24
10 25 15 26
10 27 15 28
10 29 19 29
15 21 19 22
16 23 17 28
18 23 19 28
10 30 10 38
10 39 18 39
11 30 18 30
11 31 13 34
11 35 13 38
14 31 14 38
15 31 18 32
15 33 16 38
17 33 18 38
19 30 19 39
10 40 10 49
11 40 11 49
12 40 13 44
12 45 16 46
12 47 14 49
14 40 18 41
14 42 16 44
15 47 18 49
17 42 18 46
19 40 19 49
10 50 10 59
11 50 11 59
12 50 19 50
12 51 13 54
12 55 19 55
12 56 16 57
12 58 16 59
14 51 19 52
14 53 19 54
17 56 19 59
10 60 10 69
11 60 18 60
11 61 12 64
11 65 12 69
13 61 13 69
14 61 14 69
15 61 16 66
15 67 18 69
17 61 18 66
19 60 19 69
10 70 10 79
11 70 11 79
12 70 19 70
12 71 15 73
12 74 13 79
14 74 15 79
16 71 17 76
16 77 19 79
18 71 19 76
10 80 10 87
10 88 14 89
11 80 11 87
12 80 17 81
12 82 17 83
12 84 14 87
15 84 16 89
17 86 19 89
18 80 19 85
10 90 10 97
10 98 18 98
10 99 18 99
11 90 18 90
11 91 18 91
11 92 15 93
11 94 13 97
14 94 15 97
16 92 18 94
16 95 18 97
19 90 19 99
10 100 10 108
10 109 18 109
11 100 16 101
11 102 16 103
11 104 16 105
11 106 14 108
15 106 18 108
17 100 18 105
19 100 19 109
10 110 19 110
10 111 19 111
10 112 17 112
10 113 11 118
10 119 19 119
12 113 13 118
14 113 15 118
16 113 17 116
16 117 19 118
18 112 19 116
10 120 10 129
11 120 12 124
11 125 12 129
13 120 13 129
14 120 14 127
14 128 19 129
15 120 16 125
15 126 19 127
17 120 19 122
17 123 19 125
10 130 10 139
11 130 11 139
12 130 12 139
13 130 13 139
14 130 15 135
14 136 19 137
14 138 19 139
16 130 19 132
16 133 19 135
10 140 10 148
10 149 19 149
11 140 11 148
12 140 12 148
13 140 14 144
13 145 14 148
15 140 16 145
15 146 18 148
17 140 18 145
19 140 19 148
10 150 10 159
11 150 13 152
11 153 13 155
11 156 13 159
14 150 19 151
14 152 19 153
14 154 15 159
16 154 17 159
18 154 19 159
10 160 10 167
10 168 19 168
10 169 19 169
11 160 19 160
11 161 19 161
11 162 12 167
13 162 14 167
15 162 19 163
15 164 17 167
18 164 19 167
10 170 18 170
10 171 11 175
10 176 12 179
12 171 15 173
12 174 15 175
13 176 15 179
16 171 16 179
17 171 17 179
18 171 18 179
19 170 19 179
10 180 10 187
10 188 18 188
10 189 19 189
11 180 18 180
11 181 14 183
11 184 15 185
11 186 15 187
15 181 18 183
16 184 18 187
19 180 19 188
10 190 12 192
10 193 11 198
10 199 19 199
12 193 13 198
13 190 16 192
14 193 15 198
16 193 19 195
16 196 19 198
17 190 19 192
10 200 10 207
10 208 14 209
11 200 19 200
11 201 14 202
11 203 12 207
13 203 14 207
15 201 15 209
16 201 19 203
16 204 17 209
18 204 19 209
10 210 10 218
10 219 18 219
11 210 18 210
11 211 12 214
11 215 16 216
11 217 16 218
13 211 18 212
13 213 18 214
17 215 18 218
19 210 19 219
10 220 10 227
10 228 19 228
10 229 19 229
11 220 13 223
11 224 13 227
14 220 19 221
14 222 19 223
14 224 16 227
17 224 19 227
10 230 10 239
11 230 19 230
11 231 12 234
11 235 12 239
13 231 15 233
13 234 15 236
13 237 15 239
16 231 19 233
16 234 19 236
16 237 19 239
10 240 10 247
10 248 17 248
10 249 17 249
11 240 11 247
12 240 13 244
12 245 19 245
12 246 17 247
14 240 15 244
16 240 19 242
16 243 19 244
18 246 19 249
20 0 20 9
21 0 21 9
22 0 22 9
23 0 23 9
24 0 24 9
25 0 25 9
26 0 26 9
27 0 27 9
28 0 28 9
29 0 29 9
20 10 20 17
20 18 29 18
20 19 29 19
21 10 24 11
21 12 24 14
21 15 26 16
21 17 29 17
25 10 26 14
27 10 29 12
27 13 29 16
20 20 27 20
20 21 21 25
20 26 22 29
22 21 25 23
22 24 25 25
23 26 25 29
26 21 27 24
26 25 29 26
26 27 29 29
28 20 29 24
20 30 20 37
20 38 25 39
21 30 26 31
21 32 26 33
21 34 22 37
23 34 25 37
26 34 27 39
27 30 29 33
28 34 29 39
20 40 20 49
21 40 21 47
21 48 25 49
22 40 22 47
23 40 23 47
24 40 24 47
25 40 25 47
26 40 26 49
27 40 28 44
27 45 28 49
29 40 29 49
20 50 20 59
21 50 21 58
21 59 29 59
22 50 22 57
22 58 29 58
23 50 24 54
23 55 26 57
25 50 26 54
27 50 29 53
27 54 29 57
20 60 28 60
20 61 28 61
20 62 25 63
20 64 25 65
20 66 22 69
23 66 25 69
26 62 28 65
26 66 28 69
29 60 29 69
20 70 23 72
20 73 22 76
20 77 29 77
20 78 24 79
23 74 25 76
24 70 29 71
24 72 29 73
25 78 29 79
26 74 29 76
20 80 20 87
20 88 28 88
20 89 28 89
21 80 22 85
21 86 28 86
21 87 28 87
23 80 28 81
23 82 25 85
26 82 28 85
29 80 29 89
20 90 23 91
20 92 22 94
20 95 27 95
20 96 27 96
20 97 23 99
23 92 26 94
24 90 29 91
24 97 27 99
27 92 29 94
28 95 29 99
20 100 20 108
20 109 27 109
21 100 29 100
21 101 26 102
21 103 22 108
23 103 26 104
23 105 27 106
23 107 27 108
27 101 29 104
28 105 29 109
20 110 29 110
20 111 29 111
20 112 29 112
20 113 21 118
20 119 29 119
22 113 23 118
24 113 25 118
26 113 29 115
26 116 29 118
20 120 29 120
20 121 28 121
20 122 28 122
20 123 22 126
21 127 24 129
23 123 28 124
23 125 28 126
25 127 28 129
29 121 29 129
20 130 21 134
20 135 21 139
22 130 23 135
22 136 25 138
22 139 29 139
24 130 25 135
26 130 27 135
26 136 29 138
28 130 29 135
20 140 20 147
20 148 28 148
20 149 28 149
21 140 22 144
21 145 24 147
23 140 24 144
25 140 28 141
25 142 26 147
27 142 28 147
29 140 29 149
20 150 29 150
20 151 29 151
20 152 24 153
20 154 21 158
20 159 29 159
22 154 24 157
22 158 29 158
25 152 27 154
25 155 27 157
28 152 29 157
20 160 20 169
21 160 21 169
22 160 22 169
23 160 23 167
23 168 27 169
24 160 25 165
24 166 27 167
26 160 27 165
28 160 29 164
28 165 29 169
20 170 20 178
20 179 28 179
21 170 24 172
21 173 26 174
21 175 26 176
21 177 26 178
25 170 28 172
27 173 28 178
29 170 29 179
20 180 20 187
20 188 23 189
21 180 22 184
21 185 24 187
23 180 24 184
24 188 27 189
25 180 26 183
25 184 27 187
27 180 29 183
28 184 29 189
20 190 20 199
21 190 24 191
21 192 26 193
21 194 22 199
23 194 24 199
25 190 29 191
25 194 26 199
27 192 29 195
27 196 29 199
20 200 20 209
21 200 21 209
22 200 22 209
23 200 28 201
23 202 24 207
23 208 28 209
25 202 26 207
27 202 28 207
29 200 29 209
20 210 20 219
21 210 21 219
22 210 22 219
23 210 23 219
24 210 24 217
24 218 29 219
25 210 29 211
25 212 26 215
25 216 29 217
27 212 29 215
20 220 20 228
20 229 29 229
21 220 21 228
22 220 22 228
23 220 23 228
24 220 24 228
25 220 25 228
26 220 27 225
26 226 29 228
28 220 29 225
20 230 20 237
20 238 28 238
20 239 28 239
21 230 29 230
21 231 25 232
21 233 25 234
21 235 24 237
25 235 28 237
26 231 28 234
29 231 29 239
20 240 21 244
20 245 27 245
20 246 23 247
20 248 23 249
22 240 23 244
24 240 29 241
24 242 27 244
24 246 27 247
24 248 29 249
28 242 29 247
30 0 30 8
30 9 37 9
31 0 31 8
32 0 32 8
33 0 33 8
34 0 39 1
34 2 39 3
34 4 37 6
34 7 37 8
38 4 39 9
30 10 30 18
30 19 37 19
31 10 31 18
32 10 33 13
32 14 37 15
32 16 34 18
34 10 39 11
34 12 39 13
35 16 37 18
38 14 39 19
30 20 37 20
30 21 31 24
30 25 37 25
30 26 34 27
30 28 35 29
32 21 34 24
35 21 37 24
35 26 39 27
36 28 39 29
38 20 39 25
30 30 30 38
30 39 39 39
31 30 39 30
31 31 39 31
31 32 39 32
31 33 39 33
31 34 39 34
31 35 36 36
31 37 36 38
37 35 39 38
30 40 31 43
30 44 33 45
30 46 33 48
30 49 39 49
32 40 33 43
34 40 34 48
35 40 36 45
35 46 38 48
37 40 38 45
39 40 39 48
30 50 34 51
30 53 31 58
30 59 37 59
32 52 33 56
32 57 37 58
34 52 39 53
34 54 37 56
35 50 39 51
38 54 39 59
30 60 30 69
31 60 31 69
32 60 33 64
32 65 33 69
34 60 35 65
34 66 39 67
34 68 39 69
36 60 37 65
38 60 39 65
30 70 30 79
31 70 34 72
31 73 32 77
31 78 36 79
33 73 36 75
33 76 36 77
35 70 38 72
37 73 39 75
37 76 39 79
39 70 46 70
39 71 48 71
39 72 48 72
30 80 30 87
30 88 34 89
31 80 39 80
31 81 35 82
31 83 36 84
31 85 34 87
35 85 36 89
36 81 39 82
37 83 39 86
37 87 39 89
30 90 30 97
30 98 37 98
30 99 39 99
31 90 31 97
32 90 33 95
32 96 35 97
34 90 35 95
36 90 39 92
36 93 37 97
38 93 39 98
30 100 38 100
30 101 38 101
30 102 32 105
30 106 32 109
33 102 38 103
33 104 34 109
35 104 36 109
37 104 38 109
39 100 39 109
30 110 30 119
31 110 31 119
32 110 33 114
32 115 33 119
34 110 35 115
34 116 39 117
34 118 39 119
36 110 37 115
38 110 39 115
30 120 39 120
30 121 38 121
30 122 33 123
30 124 38 124
30 125 32 127
30 128 38 128
30 129 39 129
33 125 35 127
34 122 38 123
36 125 38 127
39 121 39 128
30 130 30 139
31 130 31 137
31 138 36 139
32 130 33 135
32 136 36 137
34 130 35 135
36 130 37 135
37 136 39 139
38 130 39 135
30 140 30 149
31 140 31 149
32 140 32 147
32 148 37 149
33 140 34 144
33 145 36 147
35 140 36 144
37 140 37 147
38 140 38 149
39 140 39 149
30 150 30 158
30 159 39 159
31 150 39 150
31 151 34 153
31 154 34 156
31 157 36 158
35 151 36 156
37 151 39 154
37 155 39 158
30 160 39 160
30 161 34 162
30 163 39 163
30 164 31 169
32 164 36 165
32 166 36 167
32 168 37 169
35 161 39 162
37 164 39 167
38 168 45 168
38 169 38 180
39 169 39 176
30 170 30 178
30 179 37 179
31 170 33 172
31 173 32 178
33 173 36 175
33 176 36 178
34 170 36 172
37 170 37 178
39 177 39 185
30 180 32 183
30 184 31 189
32 184 34 186
32 187 35 189
33 180 37 181
33 182 38 183
35 184 38 186
36 187 39 189
39 186 47 186
30 190 30 199
31 190 39 190
31 191 38 191
31 192 32 197
31 198 36 199
33 192 38 193
33 194 36 195
33 196 36 197
37 194 38 199
39 191 39 199
30 200 31 203
30 204 31 208
30 209 39 209
32 200 33 205
33 206 36 208
34 200 39 201
34 202 36 205
37 202 39 204
37 205 39 208
30 210 30 219
31 210 31 219
32 210 33 213
32 214 33 217
32 218 36 219
34 210 34 217
35 210 36 213
35 214 36 217
37 210 37 219
38 210 38 219
39 210 39 219
30 220 30 229
31 220 31 228
31 229 39 229
32 220 33 224
32 225 33 228
34 220 39 221
34 222 37 223
34 224 37 226
34 227 39 228
38 222 39 226
30 230 39 230
30 231 39 231
30 232 39 232
30 233 31 238
30 239 39 239
32 233 33 238
34 233 35 238
36 233 39 235
36 236 39 238
30 240 30 249
31 240 31 249
32 240 33 244
32 245 35 246
32 247 35 249
34 240 35 244
36 240 36 249
37 240 38 243
37 244 38 249
39 240 39 249
40 2 42 4
40 5 43 6
40 7 43 9
41 0 46 1
43 2 46 4
44 5 46 7
44 8 49 9
47 0 49 3
47 4 49 7
40 10 40 17
40 18 44 19
41 10 42 14
41 15 44 17
43 10 44 14
45 10 48 11
45 12 48 13
45 14 46 19
47 14 48 19
49 10 49 19
40 20 48 20
40 21 41 24
40 25 45 26
40 27 45 28
40 29 48 29
42 21 47 22
42 23 47 24
46 25 47 28
48 21 48 28
49 20 49 29
40 30 40 38
40 39 47 39
41 30 41 38
42 30 43 34
42 35 47 36
42 37 47 38
44 30 49 31
44 32 46 34
47 32 49 34
48 35 49 39
40 40 40 48
40 49 49 49
41 40 41 48
42 40 49 40
42 41 49 41
42 42 43 45
42 46 45 48
44 42 49 43
44 44 49 45
46 46 49 48
40 50 40 59
41 50 41 59
42 50 42 59
43 50 43 59
44 50 45 55
44 56 49 57
44 58 49 59
46 50 49 52
46 53 49 55
40 60 49 60
40 61 49 61
40 62 49 62
40 63 49 63
40 64 49 64
40 65 49 65
40 66 41 69
42 66 44 69
45 66 49 67
45 68 49 69
40 73 41 78
40 79 48 79
42 73 43 76
42 77 46 78
44 73 46 76
47 73 48 78
49 70 49 79
40 80 40 89
41 80 41 89
42 80 43 85
42 86 44 89
44 80 49 81
44 82 49 83
44 84 49 85
45 86 49 87
45 88 49 89
40 90 40 97
40 98 47 98
40 99 49 99
41 90 48 90
41 91 43 93
41 94 43 97
44 91 45 95
44 96 47 97
46 91 47 95
48 91 48 98
49 90 49 98
40 100 41 105
40 106 47 106
40 107 47 107
40 108 49 108
40 109 49 109
42 100 45 101
42 102 47 103
42 104 47 105
46 100 49 101
48 102 49 107
40 110 47 110
40 111 43 113
40 114 49 114
40 115 41 118
40 119 49 119
42 115 44 118
44 111 47 113
45 115 49 116
45 117 49 118
48 110 49 113
40 120 48 120
40 121 45 122
40 123 45 124
40 125 48 125
40 129 49 129
41 126 44 128
45 126 48 128
46 121 48 124
49 120 49 128
40 130 40 138
40 139 47 139
41 130 48 130
41 131 43 134
41 135 43 138
44 131 47 133
44 134 45 138
46 134 47 138
48 131 48 139
49 130 49 139
40 140 40 149
41 140 41 149
42 140 43 143
42 144 49 144
42 145 43 149
44 140 49 141
44 142 49 143
44 145 45 149
46 145 47 149
48 145 49 149
40 150 40 159
41 150 41 159
42 150 42 159
43 150 44 153
43 154 47 155
43 156 45 159
45 150 46 153
46 156 47 159
47 150 49 153
48 154 49 159
40 160 47 160
40 161 42 164
40 165 49 165
40 166 45 167
40 169 49 169
43 161 44 164
45 161 47 164
46 166 49 168
48 160 49 164
40 170 40 179
41 170 41 179
42 170 42 179
43 170 44 174
43 175 44 179
45 170 45 179
46 170 49 171
46 172 47 176
46 177 49 179
48 172 49 176
40 180 45 181
40 182 42 185
40 187 47 187
42 188 47 189
43 182 45 185
46 180 47 185
48 180 49 183
48 184 49 189
40 188 40 195
41 188 41 197
40 198 47 198
40 199 48 199
42 190 42 197
43 190 44 193
43 194 46 195
43 196 46 197
45 190 46 193
47 190 47 197
48 190 49 193
48 194 49 198
49 199 49 206
40 200 40 207
40 208 45 209
41 200 45 201
41 202 45 203
41 204 45 205
41 206 45 207
46 200 48 203
46 204 48 206
46 207 49 209
40 210 40 218
40 219 48 219
41 210 44 212
41 213 42 218
43 213 44 218
45 210 46 215
45 216 48 218
47 210 48 215
49 210 49 219
40 220 40 227
40 228 44 229
41 220 44 221
41 222 45 223
41 224 43 227
44 224 45 227
45 220 49 221
45 228 49 229
46 222 47 227
48 222 49 227
40 230 41 235
40 236 41 239
42 230 42 239
43 230 45 233
43 234 44 239
45 234 46 239
46 230 47 233
47 236 49 239
48 230 49 235
40 240 40 247
40 248 43 249
41 240 48 240
41 241 44 243
41 244 42 247
43 244 48 245
43 246 48 247
44 248 49 249
45 241 48 243
49 240 49 247
50 0 50 8
50 9 57 9
51 0 51 8
52 0 53 5
52 6 55 8
54 0 55 5
56 0 56 8
57 0 57 8
58 0 58 9
59 0 59 9
50 10 51 14
50 15 57 15
50 16 52 19
52 10 53 14
53 16 54 19
54 10 59 11
54 12 56 14
55 16 57 19
57 12 59 14
58 15 59 19
50 20 50 29
51 20 51 27
51 28 56 29
52 20 59 20
52 21 59 21
52 22 56 23
52 24 56 25
52 26 56 27
57 22 59 25
57 26 59 29
50 30 50 38
50 39 59 39
51 30 59 30
51 31 59 31
51 32 52 36
51 37 56 38
53 32 56 33
53 34 56 36
57 32 59 34
57 35 59 38
50 40 50 47
50 48 54 49
51 40 59 40
51 41 59 41
51 42 53 44
51 45 54 47
54 42 56 44
55 45 56 49
57 42 59 45
57 46 59 49
50 50 50 59
51 50 51 58
51 59 58 59
52 50 55 52
52 53 53 58
54 53 55 58
56 50 58 52
56 53 58 55
56 56 58 58
59 50 59 59
50 60 57 60
50 61 51 64
50 65 59 65
50 66 51 69
52 61 54 64
52 66 56 67
52 68 56 69
55 61 57 64
57 66 59 69
58 60 59 64
50 70 50 78
50 79 57 79
51 70 51 78
52 70 53 75
52 76 54 78
54 70 55 75
55 76 57 78
56 70 57 75
58 70 58 79
59 70 59 79
50 80 50 89
51 80 51 89
52 80 59 80
52 81 53 86
52 87 55 89
54 81 59 82
54 83 59 84
54 85 59 86
56 87 59 89
50 90 50 99
51 90 51 98
51 99 59 99
52 90 53 94
52 95 57 96
52 97 55 98
54 90 59 91
54 92 57 94
56 97 59 98
58 92 59 96
50 100 50 108
50 109 58 109
51 100 58 100
51 101 52 105
51 106 54 108
53 101 54 105
55 101 55 108
56 101 58 104
56 105 58 108
59 100 59 109
50 110 59 110
50 111 59 111
50 112 59 112
50 113 59 113
50 114 52 116
50 117 59 117
50 118 54 119
53 114 56 116
55 118 59 119
57 114 59 116
50 120 50 127
50 128 53 129
51 120 55 121
51 122 52 125
51 126 55 127
53 122 55 125
54 128 59 129
56 120 57 124
56 125 59 127
58 120 59 124
50 130 50 137
50 138 53 139
51 130 59 130
51 131 59 131
51 132 54 134
51 135 54 137
54 138 59 139
55 132 59 133
55 134 59 135
55 136 59 137
50 140 59 140
50 141 51 146
50 147 59 147
50 148 54 149
52 141 53 146
54 141 59 142
54 143 59 144
54 145 59 146
55 148 59 149
50 150 53 152
50 153 53 155
50 156 55 157
52 158 57 159
54 150 55 155
56 150 59 151
56 152 59 153
56 154 57 157
58 154 59 159
50 158 50 165
51 158 51 166
50 167 53 168
50 169 58 169
52 160 53 164
52 165 57 166
54 160 59 161
54 162 57 164
54 167 59 168
58 162 59 166
59 169 59 176
50 170 50 177
50 178 55 179
51 170 58 170
51 171 52 175
51 176 55 177
53 171 58 172
53 173 55 175
56 173 58 176
56 177 59 179
50 180 50 187
50 188 54 189
51 180 54 181
51 182 59 182
51 183 59 183
51 184 55 185
51 186 54 187
55 180 59 181
55 186 57 189
56 184 59 185
58 186 59 189
50 190 51 194
50 195 57 195
50 196 54 197
50 198 54 199
52 190 57 191
52 192 54 194
55 192 57 194
55 196 56 199
57 196 59 199
58 190 59 195
50 200 50 207
50 208 54 209
51 200 51 207
52 200 54 203
52 204 54 207
55 200 59 201
55 202 59 203
55 204 59 205
55 206 57 209
58 206 59 209
50 210 51 213
50 214 51 219
52 210 52 219
53 210 53 219
54 210 59 211
54 212 59 213
54 214 55 219
56 214 59 216
56 217 59 219
50 220 50 227
50 228 54 229
51 220 54 221
51 222 52 227
53 222 54 227
55 220 55 229
56 220 57 224
56 225 57 229
58 220 59 223
58 224 59 229
50 230 57 230
50 231 53 233
50 234 51 239
52 234 53 239
54 231 57 233
54 234 57 235
54 236 59 237
54 238 59 239
58 230 59 235
50 240 52 242
50 243 51 247
50 248 58 248
50 249 59 249
52 243 56 244
52 245 54 247
53 240 56 242
55 245 58 247
57 240 58 244
59 240 59 248
60 0 68 0
60 1 61 4
60 5 61 9
62 1 62 9
63 1 66 2
63 3 66 5
63 6 65 9
66 6 68 9
67 1 68 5
69 0 69 9
60 10 60 18
60 19 69 19
61 10 61 17
61 18 69 18
62 10 65 11
62 12 65 14
62 15 65 17
66 10 67 14
66 15 69 17
68 10 69 14
60 20 60 29
61 20 61 27
61 28 66 29
62 20 63 25
62 26 66 27
64 20 68 21
64 22 65 25
66 22 68 25
67 26 68 29
69 20 69 29
60 30 61 35
60 36 67 36
60 37 63 39
62 30 64 32
62 33 64 35
64 37 67 39
65 30 67 32
65 33 67 35
68 30 69 33
68 34 69 39
60 40 60 48
60 49 67 49
61 40 61 48
62 40 63 43
62 44 63 48
64 40 65 45
64 46 67 48
66 40 67 45
68 40 68 49
69 40 69 49
60 50 61 54
60 55 68 55
60 56 62 59
62 50 63 54
63 56 65 59
64 50 65 54
66 50 69 51
66 52 68 54
66 56 68 59
69 52 69 59
60 60 60 69
61 60 61 68
61 69 69 69
62 60 62 68
63 60 63 68
64 60 65 64
64 65 65 68
66 60 67 65
66 66 69 68
68 60 69 65
60 70 60 77
60 78 69 78
60 79 69 79
61 70 66 71
61 72 66 73
61 74 63 77
64 74 69 75
64 76 69 77
67 70 69 73
60 80 68 80
60 81 68 81
60 82 68 82
60 83 62 85
60 86 62 88
60 89 68 89
63 83 64 88
65 83 66 88
67 83 68 88
69 80 69 89
60 90 69 90
60 91 69 91
60 92 63 93
60 94 65 95
60 96 65 97
60 98 65 99
64 92 69 93
66 94 69 96
66 97 69 99
60 100 61 105
60 106 69 106
60 107 69 107
60 108 69 108
60 109 69 109
62 100 63 105
64 100 65 105
66 100 69 102
66 103 69 105
60 110 69 110
60 111 61 116
60 117 69 117
60 118 69 118
60 119 69 119
62 111 67 112
62 113 64 116
65 113 67 116
68 111 69 116
60 120 60 129
61 120 61 129
62 120 69 120
62 121 63 126
62 127 65 129
64 121 68 122
64 123 65 126
66 123 68 125
66 126 68 129
69 121 69 129
60 130 69 130
60 131 69 131
60 132 69 132
60 133 69 133
60 134 69 134
60 135 69 135
60 136 69 136
60 137 69 137
60 138 69 138
60 139 69 139
60 140 60 148
60 149 69 149
61 140 63 142
61 143 69 143
61 144 69 144
61 145 62 148
63 145 67 146
63 147 67 148
64 140 66 142
67 140 69 142
68 145 69 148
60 150 60 157
60 158 64 159
61 150 66 151
61 152 62 157
63 152 64 157
65 152 65 159
66 152 66 159
67 150 67 159
68 150 68 159
69 150 69 159
60 160 60 169
61 160 61 169
62 160 62 169
63 160 63 167
63 168 67 169
64 160 69 161
64 162 69 163
64 164 67 165
64 166 67 167
68 164 69 169
60 170 60 179
61 170 62 175
61 176 66 177
61 178 69 178
61 179 69 179
63 170 64 175
65 170 66 175
67 170 67 177
68 170 69 173
68 174 69 177
60 180 67 180
60 181 61 185
60 186 63 187
60 188 64 189
62 181 63 185
64 181 65 185
64 186 69 187
65 188 69 189
66 181 67 185
68 180 69 185
60 190 68 190
60 191 68 191
60 192 62 195
60 196 62 199
63 192 64 197
63 198 68 199
65 192 68 194
65 195 68 197
69 190 69 199
60 200 61 204
60 205 69 205
60 206 69 206
60 207 69 207
60 208 65 209
62 200 63 204
64 200 65 204
66 200 67 204
66 208 69 209
68 200 69 204
60 210 60 219
61 210 68 210
61 211 62 215
61 216 62 219
63 211 63 219
64 211 67 213
64 214 65 219
66 214 67 219
68 211 68 219
69 210 69 219
60 220 60 229
61 220 61 229
62 220 62 229
63 220 63 229
64 220 64 229
65 220 65 229
66 220 66 229
67 220 68 224
67 225 68 229
69 220 69 229
60 230 62 233
60 234 62 237
60 238 65 239
63 230 65 232
63 233 65 236
66 230 66 239
67 230 67 239
68 230 69 235
68 236 69 239
60 240 60 247
60 248 67 248
60 249 69 249
61 240 69 240
61 241 63 243
61 244 63 247
64 241 69 242
64 243 67 244
64 245 67 247
68 243 69 248
70 0 70 7
70 8 77 8
70 9 79 9
71 0 75 1
71 2 75 3
71 4 72 7
73 4 75 7
76 0 79 2
76 3 77 7
78 3 79 8
70 10 70 19
71 10 71 19
72 10 72 17
72 18 76 19
73 10 73 17
74 10 76 13
74 14 76 17
77 10 79 13
77 14 79 16
77 17 79 19
70 20 70 27
70 28 75 29
71 20 75 21
71 22 75 23
71 24 72 27
73 24 75 27
76 20 76 29
77 20 79 22
77 23 79 25
77 26 79 29
70 30 71 34
70 35 78 35
70 36 72 39
72 30 73 34
73 36 75 39
74 30 75 34
76 30 79 31
76 32 78 34
76 36 78 39
79 32 79 39
70 40 70 48
70 49 79 49
71 40 71 47
71 48 79 48
72 40 79 40
72 41 77 42
72 43 73 47
74 43 77 45
74 46 79 47
78 41 79 45
70 50 70 59
71 50 71 57
71 58 79 58
71 59 79 59
72 50 73 53
72 54 76 55
72 56 76 57
74 50 79 51
74 52 79 53
77 54 79 57
70 60 70 69
71 60 71 69
72 60 73 63
72 64 76 65
72 66 79 66
72 67 75 69
74 60 76 63
76 67 79 69
77 60 79 62
77 63 79 65
70 70 70 78
70 79 79 79
71 70 71 78
72 70 73 75
72 76 75 78
74 70 75 75
76 70 77 75
76 76 79 78
78 70 79 75
70 80 70 89
71 80 71 89
72 80 74 83
72 84 77 85
72 86 77 87
72 88 77 89
75 80 76 83
77 80 79 83
78 84 79 89
70 90 75 91
70 92 79 92
70 93 79 93
70 94 73 96
70 97 73 99
74 94 79 95
74 96 79 97
74 98 79 99
76 90 79 91
70 100 70 109
71 100 75 101
71 102 75 103
71 104 72 108
71 109 78 109
73 104 74 108
75 104 76 108
76 100 78 103
77 104 78 108
79 100 79 109
70 110 70 119
71 110 71 119
72 110 72 119
73 110 73 119
74 110 74 119
75 110 75 119
76 110 77 114
76 115 77 119
78 110 79 113
78 114 79 119
70 120 70 128
70 129 79 129
71 120 71 128
72 120 73 123
72 124 73 128
74 120 79 121
74 122 77 124
74 125 77 126
74 127 79 128
78 122 79 126
70 130 77 130
70 131 75 132
70 133 72 135
70 136 79 136
70 137 79 137
70 138 79 138
70 139 79 139
73 133 75 135
76 131 77 135
78 130 79 135
70 140 70 149
71 140 71 149
72 140 72 149
73 140 73 149
74 140 75 145
74 146 79 147
74 148 79 149
76 140 77 145
78 140 79 145
70 150 75 151
70 152 75 153
70 157 75 158
70 159 79 159
74 154 79 155
76 150 78 153
76 156 79 158
79 150 87 150
79 151 90 151
79 152 88 152
79 153 86 153
70 160 71 163
70 164 71 169
72 160 74 162
72 163 74 165
72 166 76 167
72 168 76 169
75 160 79 161
75 162 79 163
75 164 79 165
77 166 79 169
70 170 72 173
70 174 72 177
70 178 79 178
70 179 79 179
73 170 78 171
73 172 75 174
73 175 76 177
76 172 79 174
77 175 79 177
79 170 86 170
79 171 88 171
70 180 70 187
70 188 74 189
71 180 74 181
71 182 72 187
73 182 74 187
75 180 75 189
76 180 77 184
76 185 77 189
78 180 78 189
79 180 79 189
70 190 70 197
70 198 73 199
71 190 71 197
72 190 76 191
72 192 76 193
72 194 73 197
74 194 79 195
74 196 79 197
74 198 79 199
77 190 79 193
70 200 79 200
70 201 71 205
70 206 77 206
70 207 79 207
70 208 79 208
70 209 79 209
72 201 73 205
74 201 75 205
76 201 77 205
78 201 79 206
70 210 70 219
71 210 71 217
71 218 75 219
72 210 76 211
72 212 76 213
72 214 79 214
72 215 75 217
76 215 77 219
77 210 79 213
78 215 79 219
70 220 70 227
70 228 79 228
70 229 79 229
71 220 79 220
71 221 74 222
71 223 79 223
71 224 76 225
71 226 76 227
75 221 79 222
77 224 79 227
70 230 72 233
70 234 79 234
70 235 79 235
70 236 79 236
70 237 79 237
70 238 74 239
73 230 77 231
73 232 77 233
75 238 79 239
78 230 79 233
70 240 70 249
71 240 75 241
71 242 72 245
71 246 75 247
71 248 75 249
73 242 75 245
76 240 76 249
77 240 78 243
77 244 78 249
79 240 79 249
80 0 80 9
81 0 81 7
81 8 85 9
82 0 82 7
83 0 83 7
84 0 88 1
84 2 85 7
86 2 88 5
86 6 88 9
89 0 89 9
80 10 81 14
80 15 81 19
82 10 82 18
82 19 89 19
83 10 83 18
84 10 86 13
84 14 86 16
84 17 89 18
87 10 89 12
87 13 89 16
80 20 80 29
81 20 81 29
82 20 82 29
83 20 83 29
84 20 84 29
85 20 85 29
86 20 86 29
87 20 88 23
87 24 88 29
89 20 89 29
80 30 80 39
81 30 81 39
82 30 82 39
83 30 83 37
83 38 88 39
84 30 85 35
84 36 89 37
86 30 87 35
88 30 89 35
89 38 89 46
80 40 81 44
80 45 81 49
82 40 82 49
83 40 84 43
83 44 84 49
85 40 88 42
85 43 86 47
85 48 89 49
87 43 88 47
89 47 97 47
80 50 80 59
81 50 81 57
81 58 89 58
81 59 89 59
82 50 89 50
82 51 89 51
82 52 83 57
84 52 85 57
86 52 87 57
88 52 89 57
80 60 89 60
80 61 81 66
80 67 83 69
82 61 83 66
84 61 86 63
84 64 87 66
84 67 87 69
87 61 89 63
88 64 89 69
80 70 80 78
80 79 89 79
81 70 82 74
81 75 86 76
81 77 85 78
83 70 85 72
83 73 86 74
86 70 89 72
86 77 89 78
87 73 89 76
80 80 84 81
80 82 84 83
80 84 81 89
82 84 87 85
82 86 86 87
82 88 86 89
85 80 87 83
87 86 89 89
88 80 89 85
80 90 88 90
80 91 88 91
80 92 88 92
80 93 82 95
80 96 82 99
83 93 88 94
83 95 84 99
85 95 86 99
87 95 88 99
89 90 89 99
80 100 80 107
80 108 89 108
80 109 89 109
81 100 81 107
82 100 83 104
82 105 85 107
84 100 85 104
86 100 87 105
86 106 89 107
88 100 89 105
80 110 88 110
80 111 88 111
80 112 82 115
80 116 82 119
83 112 84 117
83 118 88 119
85 112 86 117
87 112 88 117
89 110 89 119
80 120 80 128
80 129 88 129
81 120 81 128
82 120 82 128
83 120 86 122
83 123 86 125
83 126 85 128
86 126 88 128
87 120 88 125
89 120 89 129
80 130 89 130
80 131 89 131
80 132 87 132
80 133 87 133
80 134 82 136
80 137 82 139
83 134 87 135
83 136 85 139
86 136 89 137
86 138 89 139
88 132 89 135
80 140 80 148
80 149 88 149
81 140 82 145
81 146 84 148
83 140 84 145
85 140 86 145
85 146 88 148
87 140 88 145
89 140 89 149
80 154 82 156
80 157 89 157
80 158 83 159
83 154 86 156
84 158 89 159
87 153 89 156
88 150 98 150
89 152 99 152
80 160 84 161
80 162 84 163
80 164 83 166
80 167 89 167
80 168 83 169
84 164 87 166
84 168 89 169
85 160 87 163
88 161 89 166
80 172 89 172
80 173 87 173
80 174 81 177
80 178 89 178
80 179 89 179
82 174 87 175
82 176 87 177
88 173 89 177
87 170 96 170
89 171 99 171
80 180 80 189
81 180 81 187
81 188 85 189
82 180 82 187
83 180 84 183
83 184 85 187
85 180 87 183
86 184 87 189
88 180 88 189
89 180 89 189
80 190 89 190
80 191 89 191
80 192 89 192
80 193 83 195
80 196 83 198
80 199 89 199
84 193 89 194
84 195 86 198
87 195 89 198
80 200 81 204
80 205 81 209
82 200 83 203
82 204 85 205
82 206 89 206
82 207 85 209
84 200 89 201
84 202 89 203
86 204 89 205
86 207 89 209
80 210 80 219
81 210 89 210
81 211 82 214
81 215 82 219
83 211 83 219
84 211 87 212
84 213 87 214
84 215 86 217
84 218 89 219
87 215 89 217
88 211 89 214
80 220 80 229
81 220 81 229
82 220 82 229
83 220 88 221
83 222 88 223
83 224 84 229
85 224 86 229
87 224 88 229
89 220 89 229
80 230 89 230
80 231 87 231
80 232 87 232
80 233 82 235
80 236 85 237
80 238 87 238
80 239 87 239
83 233 85 235
86 233 87 237
88 231 89 234
88 235 89 239
80 240 80 247
80 248 88 248
80 249 88 249
81 240 81 247
82 240 83 245
82 246 85 247
84 240 85 245
86 240 88 243
86 244 88 247
89 240 89 249
90 0 92 2
90 3 92 5
90 6 92 9
93 0 95 3
93 4 98 5
93 6 98 7
93 8 98 9
96 0 98 3
99 0 99 9
90 10 99 10
90 11 99 11
90 12 99 12
90 13 99 13
90 14 99 14
90 15 99 15
90 16 99 16
90 17 99 17
90 18 99 18
90 19 99 19
90 20 90 27
90 28 93 29
91 20 91 27
92 20 93 24
92 25 95 27
94 20 95 24
94 28 99 29
96 20 96 27
97 20 99 23
97 24 99 27
90 30 90 39
91 30 91 37
91 38 96 39
92 30 94 33
92 34 94 37
95 30 99 31
95 32 96 37
97 32 99 35
97 36 99 39
90 40 99 40
90 41 99 41
90 44 93 46
91 42 96 43
91 48 96 49
94 44 96 46
97 42 99 45
98 46 99 49
90 48 90 56
97 48 97 55
90 57 92 59
91 50 94 51
91 52 94 54
91 55 96 56
93 57 96 59
95 50 96 54
97 56 99 59
98 50 99 55
90 60 90 69
91 60 91 68
91 69 99 69
92 60 92 68
93 60 93 68
94 60 96 62
94 63 95 68
96 63 97 68
97 60 99 62
98 63 99 68
90 70 90 79
91 70 91 77
91 78 96 79
92 70 94 72
92 73 94 75
92 76 96 77
95 70 97 72
95 73 97 75
97 76 99 79
98 70 99 75
90 80 90 88
90 89 97 89
91 80 95 81
91 82 99 82
91 83 92 88
93 83 94 88
95 83 99 84
95 85 97 88
96 80 99 81
98 85 99 89
90 90 90 99
91 90 91 97
91 98 95 99
92 90 93 94
92 95 95 97
94 90 95 94
96 90 99 91
96 92 96 99
97 92 99 95
97 96 99 99
90 100 98 100
90 101 92 104
90 105 92 108
90 109 98 109
93 101 94 106
93 107 98 108
95 101 96 106
97 101 98 106
99 100 99 109
90 110 90 119
91 110 91 119
92 110 93 113
92 114 93 119
94 110 94 117
94 118 99 119
95 110 97 113
95 114 97 117
98 110 99 115
98 116 108 116
90 120 90 127
90 128 94 129
91 120 91 127
92 120 96 121
92 122 96 123
92 124 94 127
95 124 96 129
97 120 98 123
97 124 98 129
99 120 99 129
90 130 90 138
90 139 99 139
91 130 91 137
91 138 99 138
92 130 92 137
93 130 94 135
93 136 97 137
95 130 99 131
95 132 97 135
98 132 99 137
90 140 91 143
90 144 91 149
92 140 96 141
92 142 96 143
92 144 97 145
92 146 97 147
92 148 97 149
97 140 99 143
98 144 99 149
90 153 97 153
90 154 91 159
91 151 99 151
92 154 94 156
92 157 97 158
92 159 99 159
95 154 97 156
98 153 99 158
99 150 108 150
90 160 90 169
91 160 95 161
91 162 95 163
91 164 95 165
91 166 95 167
91 168 94 169
95 168 99 169
96 160 98 163
96 164 98 167
99 160 99 167
90 172 99 172
90 173 99 173
90 174 91 179
92 174 93 179
94 174 95 179
96 174 97 179
98 174 99 179
97 170 105 170
90 180 90 188
90 189 97 189
91 180 93 182
91 183 96 184
91 185 96 186
91 187 96 188
94 180 96 182
97 180 97 188
98 180 98 189
99 180 99 189
90 190 90 199
91 190 91 199
92 190 92 197
92 198 97 199
93 190 95 193
93 194 97 195
93 196 97 197
96 190 99 191
96 192 99 193
98 194 99 199
90 200 90 209
91 200 99 200
91 201 94 203
91 204 92 209
93 204 94 209
95 201 95 209
96 201 97 206
96 207 99 209
98 201 99 206
90 210 90 219
91 210 91 219
92 210 92 217
92 218 97 219
93 210 93 217
94 210 97 211
94 212 97 213
94 214 95 217
96 214 97 217
98 210 99 214
98 215 99 219
90 220 93 222
90 223 91 228
92 223 97 224
92 225 95 227
92 228 95 229
94 220 97 222
96 225 97 229
98 220 98 229
99 220 99 229
90 229 90 237
91 229 91 240
92 230 99 230
92 231 97 232
92 233 97 234
92 235 97 236
92 237 95 239
96 237 99 239
98 231 99 236
90 238 90 248
90 249 98 249
91 241 92 245
91 246 96 247
91 248 99 248
93 240 94 245
95 240 96 245
97 240 99 243
97 244 99 247
100 0 100 7
100 8 108 8
100 9 109 9
101 0 105 1
101 2 105 3
101 4 108 4
101 5 104 7
105 5 108 7
106 0 108 3
109 0 109 8
100 10 103 12
100 13 101 18
100 19 109 19
102 13 103 18
104 10 106 13
104 14 105 18
106 14 107 18
107 10 109 12
108 13 109 18
100 20 100 29
101 20 101 27
101 28 106 29
102 20 105 21
102 22 103 27
104 22 105 27
106 20 106 27
107 20 109 22
107 23 109 25
107 26 109 29
100 30 100 38
100 39 109 39
101 30 101 38
102 30 109 30
102 31 105 32
102 33 103 38
104 33 105 38
106 31 107 36
106 37 109 38
108 31 109 36
100 40 105 41
100 42 101 47
100 48 108 48
100 49 108 49
102 42 104 44
102 45 104 47
105 42 106 47
106 40 109 41
107 42 108 47
109 42 109 49
100 50 100 59
101 50 101 58
101 59 109 59
102 50 102 57
102 58 109 58
103 50 104 54
103 55 106 57
105 50 106 54
107 50 109 53
107 54 109 57
100 60 100 68
100 69 108 69
101 60 103 62
101 63 103 65
101 66 104 68
104 60 108 61
104 62 106 65
105 66 108 68
107 62 108 65
109 60 109 69
100 70 100 78
100 79 109 79
101 70 101 77
101 78 108 78
102 70 103 75
102 76 107 77
104 70 105 75
106 70 107 75
108 70 108 77
109 70 109 78
100 80 100 89
101 80 101 89
102 80 102 89
103 80 103 87
103 88 107 89
104 80 105 84
104 85 107 87
106 80 109 82
106 83 109 84
108 85 109 89
100 90 100 97
100 98 104 99
101 90 105 91
101 92 102 97
103 92 104 97
105 92 105 99
106 90 106 99
107 90 107 99
108 90 108 99
109 90 109 99
100 100 108 100
100 101 108 101
100 102 108 102
100 103 102 106
100 107 102 109
103 103 108 104
103 105 104 109
105 105 106 109
107 105 108 109
109 100 109 109
100 110 107 110
100 111 103 112
100 113 103 115
100 117 105 118
100 119 109 119
104 111 105 115
106 111 107 115
108 110 109 115
106 117 116 117
107 118 118 118
109 116 117 116
100 120 100 128
100 129 107 129
101 120 101 128
102 120 102 128
103 120 106 122
103 123 104 128
105 123 109 124
105 125 107 128
107 120 109 122
108 125 109 129
100 130 100 139
101 130 101 139
102 130 102 139
103 130 103 139
104 130 104 139
105 130 105 139
106 130 108 133
106 134 108 136
106 137 108 139
109 130 109 139
100 140 109 140
100 141 109 141
100 142 109 142
100 143 101 146
100 147 102 149
102 143 104 146
103 147 106 149
105 143 106 146
107 143 109 145
107 146 109 149
100 151 100 158
101 151 108 151
101 152 102 157
101 158 104 159
103 152 104 157
105 152 108 154
105 155 106 159
107 155 108 159
109 150 109 159
100 159 100 166
100 167 102 169
101 160 102 165
103 160 103 167
103 168 108 169
104 160 105 163
104 164 108 165
104 166 108 167
106 160 108 163
109 160 109 169
100 171 105 172
100 173 101 176
100 177 102 179
102 173 104 176
103 177 105 179
105 173 109 174
105 175 109 176
106 170 109 172
106 177 109 179
100 180 103 181
100 182 108 182
100 183 105 184
100 185 105 186
100 187 108 187
100 188 109 188
100 189 109 189
104 180 108 181
106 183 108 186
109 180 109 187
100 190 100 197
100 198 104 199
101 190 102 194
101 195 104 197
103 190 104 194
105 190 105 199
106 190 106 199
107 190 108 194
107 195 108 199
109 190 109 199
100 200 100 208
100 209 107 209
101 200 109 200
101 201 109 201
101 202 103 205
101 206 103 208
104 202 109 203
104 204 107 205
104 206 107 208
108 204 109 209
100 210 100 219
101 210 101 219
102 210 102 219
103 210 104 215
103 216 105 219
105 210 106 215
106 216 108 219
107 210 108 215
109 210 109 219
100 220 109 220
100 221 103 223
100 224 101 229
102 224 103 227
102 228 107 229
104 221 109 222
104 223 109 224
104 225 107 227
108 225 109 229
100 230 100 239
101 230 101 239
102 230 102 239
103 230 103 239
104 230 104 239
105 230 105 239
106 230 106 239
107 230 108 234
107 235 108 239
109 230 109 239
100 240 100 247
100 248 103 249
101 240 109 240
101 241 103 243
101 244 103 247
104 241 105 245
104 246 106 249
106 241 109 242
106 243 109 245
107 246 109 249
110 0 110 7
110 8 114 9
111 0 112 3
111 4 116 5
111 6 116 7
113 0 114 3
115 0 116 3
115 8 119 9
117 0 119 3
117 4 119 7
110 10 110 17
110 18 114 19
111 12 112 17
112 10 117 11
113 12 114 17
115 12 117 15
115 16 117 19
118 10 118 19
119 10 119 19
110 20 110 29
111 20 111 29
112 20 112 29
113 20 113 27
113 28 117 29
114 20 117 21
114 22 115 25
114 26 117 27
116 22 117 25
118 20 119 24
118 25 119 29
110 30 110 38
110 39 117 39
111 30 119 30
111 31 114 32
111 33 112 38
113 33 114 38
115 31 116 34
115 35 117 38
117 31 119 34
118 35 119 39
110 40 110 49
111 40 111 49
112 40 112 47
112 48 117 49
113 40 116 41
113 42 116 44
113 45 116 47
117 40 117 47
118 40 119 43
118 44 119 49
110 50 110 57
110 58 119 58
110 59 119 59
111 50 112 54
111 55 114 57
113 50 114 54
115 50 116 53
115 54 119 55
115 56 119 57
117 50 119 53
110 60 111 63
110 64 113 65
110 66 113 67
110 68 113 69
112 60 117 61
112 62 117 63
114 64 115 69
116 64 117 69
118 60 118 69
119 60 119 69
110 70 110 77
110 78 114 79
111 70 114 71
111 72 112 77
113 72 114 77
115 70 116 73
115 74 119 75
115 76 119 77
115 78 119 79
117 70 119 73
110 80 110 89
111 80 111 88
111 89 119 89
112 80 113 84
112 85 115 86
112 87 117 88
114 80 115 84
116 80 119 82
116 83 117 86
118 83 119 88
110 90 110 97
110 98 117 98
110 99 119 99
111 90 112 94
111 95 113 97
113 90 115 92
113 93 117 94
114 95 117 97
116 90 119 92
118 93 119 98
110 100 119 100
110 101 119 101
110 102 114 103
110 104 111 109
112 104 119 104
112 105 119 105
112 106 114 109
115 102 119 103
115 106 116 109
117 106 119 109
110 110 119 110
110 111 119 111
110 112 117 112
110 113 113 115
110 119 119 119
114 113 117 115
118 112 119 117
119 118 126 118
110 120 111 123
110 124 111 129
112 120 116 121
112 122 113 125
112 126 114 129
114 122 116 125
115 126 118 127
115 128 118 129
117 120 118 125
119 120 119 129
110 130 119 130
110 131 117 131
110 132 113 133
110 134 111 138
110 139 119 139
112 134 117 135
112 136 115 138
114 132 117 133
116 136 119 138
118 131 119 135
110 140 119 140
110 141 113 142
110 143 113 144
110 145 113 146
110 147 113 148
110 149 117 149
114 141 115 145
114 146 117 148
116 141 117 145
118 141 119 145
118 146 119 149
110 150 111 153
110 154 119 154
110 155 111 159
112 150 116 151
112 152 116 153
112 155 116 156
112 157 116 158
112 159 119 159
117 150 119 153
117 155 119 158
110 160 110 167
110 168 117 168
110 169 119 169
111 160 119 160
111 161 113 163
111 164 113 167
114 161 119 162
114 163 115 167
116 163 117 167
118 163 119 168
110 170 110 177
110 178 119 178
110 179 119 179
111 170 119 170
111 171 114 172
111 173 114 175
111 176 116 177
115 171 116 175
117 171 119 174
117 175 119 177
110 180 110 187
110 188 118 188
110 189 119 189
111 180 115 181
111 182 112 185
111 186 115 187
113 182 115 185
116 180 118 183
116 184 118 187
119 180 119 188
110 190 110 198
110 199 117 199
111 190 111 198
112 190 112 198
113 190 116 192
113 193 116 195
113 196 116 198
117 190 117 198
118 190 119 193
118 194 119 199
110 200 110 207
110 208 113 209
111 200 111 207
112 200 117 201
112 202 113 207
114 202 114 209
115 202 117 205
115 206 116 209
117 206 119 209
118 200 119 205
110 210 118 210
110 211 111 214
110 215 111 219
112 211 112 219
113 211 113 219
114 211 114 219
115 211 118 213
115 214 116 219
117 214 118 219
119 210 119 219
110 220 110 227
110 228 115 229
111 220 112 223
111 224 112 227
113 220 113 227
114 220 118 221
114 222 115 227
116 222 118 225
116 226 118 229
119 220 119 229
110 230 118 230
110 231 118 231
110 232 112 235
110 236 118 236
111 237 114 239
113 232 118 233
113 234 118 235
115 237 118 239
119 230 119 239
110 237 110 246
110 247 118 247
110 248 119 248
110 249 119 249
111 240 119 240
111 241 113 243
111 244 113 246
114 241 119 242
114 243 119 244
114 245 119 246
119 247 130 247
120 0 120 8
120 9 129 9
121 0 121 8
122 0 127 1
122 2 125 3
122 4 125 6
122 7 125 8
126 2 127 5
126 6 129 8
128 0 129 5
120 10 120 17
120 18 127 18
120 19 127 19
121 10 121 17
122 10 122 17
123 10 125 13
123 14 124 17
125 14 127 17
126 10 129 11
126 12 129 13
128 14 129 19
120 20 120 27
120 28 125 29
121 20 129 20
121 21 123 24
121 25 123 27
124 22 125 27
126 21 129 23
126 24 127 29
128 24 129 29
120 30 120 37
120 38 128 38
120 39 129 39
121 30 123 33
121 34 124 36
121 37 128 37
124 30 125 33
125 34 128 36
126 30 128 33
129 30 129 38
120 40 120 48
120 49 129 49
121 40 129 40
121 41 129 41
121 42 122 45
121 46 129 46
121 47 125 48
123 42 124 45
125 42 129 43
125 44 129 45
126 47 129 48
120 50 120 57
120 58 129 58
120 59 129 59
121 50 129 50
121 51 129 51
121 52 129 52
121 53 129 53
121 54 123 57
124 54 129 55
124 56 129 57
120 60 120 69
121 60 121 69
122 60 122 67
122 68 126 69
123 60 123 67
124 60 126 63
124 64 126 67
127 60 127 69
128 60 129 64
128 65 129 69
120 70 121 74
120 75 123 76
120 77 123 79
122 70 123 74
124 70 129 71
124 72 129 73
124 74 129 75
124 76 129 77
124 78 129 79
120 80 120 88
120 89 129 89
121 80 121 88
122 80 123 85
122 86 124 88
124 80 129 81
124 82 129 83
124 84 127 85
125 86 127 88
128 84 129 88
120 90 120 97
120 98 128 98
120 99 129 99
121 90 122 95
121 96 124 97
123 90 124 95
125 90 126 94
125 95 128 97
127 90 128 94
129 90 129 98
120 100 120 107
120 108 123 109
121 100 121 107
122 100 123 104
122 105 127 106
122 107 129 107
124 100 129 101
124 102 127 104
124 108 129 109
128 102 129 106
120 110 122 113
120 114 122 117
120 119 127 119
123 110 124 114
123 115 126 117
125 110 126 114
127 110 127 118
128 110 129 113
128 114 129 119
120 120 120 129
121 120 121 129
122 120 129 120
122 121 125 123
122 124 123 129
124 124 129 125
124 126 129 127
124 128 129 129
126 121 129 123
120 130 120 138
120 139 129 139
121 130 123 133
121 134 123 137
124 130 124 138
125 130 125 138
126 130 129 132
126 133 127 138
128 133 129 138
120 140 120 147
120 148 127 148
120 149 127 149
121 140 122 143
121 144 122 147
123 140 123 147
124 140 127 141
124 142 125 147
126 142 127 147
128 140 128 149
129 140 129 149
120 150 127 150
120 151 121 154
120 155 123 156
120 157 123 158
120 159 129 159
122 151 127 152
122 153 127 154
124 155 129 156
124 157 129 158
128 150 129 154
120 160 129 160
120 161 129 161
120 162 124 163
120 164 129 164
120 165 124 166
122 167 125 169
125 162 129 163
125 165 129 166
126 167 129 169
120 167 120 176
121 167 121 177
120 178 129 178
120 179 129 179
122 170 126 171
122 172 126 173
122 174 123 177
124 174 129 175
124 176 129 177
127 170 129 173
120 180 120 187
120 188 127 188
120 189 127 189
121 180 122 184
121 185 124 187
123 180 124 184
125 180 126 183
125 184 127 187
127 180 129 183
128 184 129 189
120 190 120 199
121 190 121 199
122 190 123 194
122 195 123 199
124 190 125 193
124 194 128 195
124 196 128 197
124 198 128 199
126 190 128 193
129 190 129 199
120 200 120 207
120 208 127 208
120 209 129 209
121 200 129 200
121 201 123 204
121 205 124 207
124 201 129 202
124 203 127 204
125 205 127 207
128 203 129 208
120 210 120 219
121 210 128 210
121 211 122 215
121 216 124 217
121 218 124 219
123 211 128 212
123 213 125 215
125 216 128 217
125 218 128 219
126 213 128 215
129 210 129 219
120 220 120 227
120 228 124 229
121 220 129 220
121 221 129 221
121 222 123 224
121 225 124 227
124 222 126 224
125 225 126 229
127 222 129 225
127 226 129 229
120 230 120 237
120 238 129 238
120 239 129 239
121 230 126 231
121 232 122 237
123 232 124 237
125 232 126 237
127 230 129 233
127 234 129 237
120 240 121 244
120 245 125 246
120 248 129 248
120 249 129 249
122 240 125 241
122 242 125 244
126 240 129 241
126 242 127 246
128 242 129 246
130 0 130 8
130 9 137 9
131 0 131 8
132 0 132 8
133 0 134 3
133 4 134 8
135 0 136 4
135 5 136 8
137 0 137 8
138 0 138 9
139 0 139 9
130 10 130 18
130 19 137 19
131 10 139 10
131 11 139 11
131 12 133 14
131 15 133 18
134 12 139 13
134 14 139 15
134 16 137 18
138 16 139 19
130 20 131 25
130 26 133 27
130 28 133 29
132 20 134 22
132 23 134 25
134 26 136 29
135 20 136 25
137 20 137 29
138 20 139 24
138 25 139 29
130 30 130 39
131 30 131 39
132 30 132 37
132 38 136 39
133 30 133 37
134 30 136 33
134 34 136 37
137 30 137 39
138 30 138 39
139 30 139 39
130 40 130 48
130 49 138 49
131 40 131 48
132 40 134 42
132 43 137 44
132 45 137 46
132 47 137 48
135 40 137 42
138 40 138 48
139 40 139 49
130 50 130 57
130 58 135 59
131 50 133 52
131 53 133 55
131 56 135 57
134 50 135 55
136 50 137 54
136 55 139 56
136 57 139 59
138 50 139 54
130 60 139 60
130 61 139 61
130 62 139 62
130 63 139 63
130 64 131 67
130 68 134 69
132 64 139 64
132 65 135 67
135 68 139 69
136 65 139 67
130 70 138 70
130 71 138 71
130 72 134 73
130 74 134 75
130 76 134 77
130 78 134 79
135 72 135 79
136 72 138 75
136 76 138 79
139 70 139 79
130 80 138 80
130 82 132 85
130 86 132 88
130 89 139 89
133 81 134 86
133 87 138 88
135 81 136 86
137 81 138 86
139 80 139 88
130 90 130 98
130 99 139 99
131 90 132 95
131 96 139 96
131 97 139 97
131 98 139 98
133 90 135 92
133 93 136 95
136 90 139 92
137 93 139 95
130 100 130 108
130 109 138 109
131 100 139 100
131 101 138 101
131 102 134 103
131 104 134 105
131 106 134 108
135 102 138 103
135 104 136 108
137 104 138 108
139 101 139 109
130 110 130 119
131 110 131 119
132 110 132 119
133 110 134 115
133 116 138 117
133 118 138 119
135 110 136 115
137 110 138 115
139 110 139 119
130 120 130 129
131 120 132 125
131 126 136 127
131 128 136 129
133 120 135 122
133 123 135 125
136 120 137 125
137 126 139 129
138 120 139 125
130 130 135 131
130 132 131 137
130 138 134 139
132 132 133 137
134 132 135 137
135 138 139 139
136 130 139 132
136 133 137 137
138 133 139 137
130 140 139 140
130 141 139 141
130 142 139 142
130 143 134 144
130 145 139 145
130 146 135 147
130 148 139 148
130 149 139 149
135 143 139 144
136 146 139 147
130 150 131 155
130 156 139 156
130 157 139 157
130 158 139 158
130 159 139 159
132 150 133 155
134 150 139 151
134 152 139 153
134 154 139 155
130 160 130 168
130 169 137 169
131 160 131 168
132 160 133 163
132 164 135 165
132 166 135 168
134 160 139 161
134 162 139 163
136 164 137 168
138 164 139 169
130 170 131 174
130 175 131 179
132 170 135 171
132 172 135 173
132 174 134 176
132 177 135 179
135 174 138 176
136 170 138 173
136 177 138 179
139 170 139 179
130 180 130 187
130 188 138 188
130 189 138 189
131 180 139 180
131 181 134 183
131 184 135 185
131 186 135 187
135 181 138 183
136 184 138 187
139 181 139 189
130 190 130 199
131 190 131 199
132 190 132 199
133 190 138 191
133 192 138 193
133 194 138 195
133 196 138 197
133 198 138 199
139 190 139 199
130 200 130 208
130 209 139 209
131 200 131 207
131 208 139 208
132 200 136 201
132 202 133 207
134 202 136 205
134 206 139 207
137 200 139 202
137 203 139 205
130 210 130 218
130 219 139 219
131 210 139 210
131 211 139 211
131 212 139 212
131 213 133 215
131 216 133 218
134 213 139 214
134 215 139 216
134 217 139 218
130 220 137 220
130 221 131 225
130 226 139 226
130 227 139 227
130 228 139 228
130 229 139 229
132 221 137 222
132 223 134 225
135 223 137 225
138 220 139 225
130 230 138 230
130 231 131 234
130 235 131 239
132 231 135 233
132 234 136 235
132 236 134 239
135 236 136 239
136 231 138 233
137 234 138 239
139 230 139 239
130 240 131 245
130 246 139 246
130 249 139 249
131 247 134 248
132 240 137 241
132 242 137 243
132 244 137 245
135 247 139 248
138 240 139 245
140 0 140 9
141 0 141 8
141 9 149 9
142 0 145 1
142 2 143 5
142 6 145 8
144 2 149 3
144 4 149 5
146 0 149 1
146 6 149 8
140 10 140 19
141 10 146 11
141 12 142 16
141 17 144 19
143 12 146 13
143 14 145 16
145 17 148 19
146 14 149 16
147 10 149 13
149 17 149 28
140 20 143 21
140 22 148 22
140 23 148 23
140 24 148 24
140 25 142 28
140 29 149 29
143 25 148 26
143 27 148 28
144 20 148 21
140 30 140 39
141 30 148 30
141 31 144 32
141 33 142 38
141 39 149 39
143 33 144 36
143 37 148 38
145 31 146 36
147 31 148 36
149 30 149 38
140 40 140 48
140 49 149 49
141 40 149 40
141 41 149 41
141 42 142 47
141 48 149 48
143 42 144 47
145 42 149 43
145 44 149 45
145 46 149 47
140 50 145 51
140 52 145 53
140 54 148 54
140 55 141 59
142 55 143 58
142 59 149 59
144 55 148 56
144 57 148 58
146 50 148 53
149 50 149 58
140 60 140 69
141 60 141 67
141 68 149 68
141 69 149 69
142 60 143 63
142 64 146 65
142 66 146 67
144 60 149 61
144 62 149 63
147 64 149 67
140 70 140 77
140 78 145 79
141 70 146 71
141 72 146 73
141 74 143 77
144 74 145 77
146 74 147 79
147 70 149 73
148 74 149 79
140 80 142 82
140 83 149 83
140 84 141 89
142 84 143 89
143 80 145 82
144 84 149 85
144 86 149 87
144 88 149 89
146 80 149 82
140 90 140 97
140 98 149 98
140 99 149 99
141 90 146 91
141 92 144 93
141 94 142 97
143 94 144 97
145 92 146 97
147 90 149 93
147 94 149 97
140 100 148 100
140 101 148 101
140 102 141 106
140 107 142 109
142 102 143 106
143 107 146 109
144 102 148 103
144 104 146 106
147 104 148 109
149 100 149 109
140 110 141 113
140 114 149 114
140 115 141 119
142 110 145 112
142 113 149 113
142 115 144 117
142 118 147 119
145 115 147 117
146 110 149 112
148 115 149 119
140 120 140 127
140 128 144 129
141 120 141 127
142 120 142 127
143 120 147 121
143 122 144 127
145 122 147 125
145 126 147 129
148 120 148 129
149 120 149 129
140 130 140 137
140 138 143 139
141 130 143 133
141 134 146 135
141 136 146 137
144 130 149 131
144 132 149 133
144 138 149 139
147 134 149 137
140 140 149 140
140 141 149 141
140 142 141 146
140 147 149 147
140 148 144 149
142 142 143 146
144 142 145 146
145 148 149 149
146 142 147 146
148 142 149 146
140 150 143 152
140 153 143 155
140 156 141 159
142 156 143 159
144 150 146 153
144 154 145 159
146 156 148 159
147 150 148 155
149 150 149 159
140 160 149 160
140 161 148 161
140 162 144 163
140 164 142 166
140 167 143 169
143 164 146 166
144 167 146 169
145 162 148 163
147 164 148 169
149 161 149 169
140 170 140 179
141 170 142 173
141 174 142 179
143 170 143 179
144 170 146 173
144 174 145 179
146 174 147 179
147 170 149 173
148 174 149 179
140 180 140 187
140 188 145 189
141 180 143 183
141 184 143 187
144 180 148 181
144 182 145 187
146 182 148 185
146 186 148 189
149 180 149 189
140 190 147 190
140 191 141 194
140 195 141 198
140 199 147 199
142 191 143 196
142 197 147 198
144 191 145 196
146 191 147 196
148 190 148 199
149 190 149 199
140 200 140 209
141 200 142 204
141 205 142 209
143 200 143 209
144 200 149 201
144 202 149 203
144 204 145 209
146 204 147 209
148 204 149 209
140 210 140 218
140 219 149 219
141 210 148 210
141 211 142 215
141 216 146 217
141 218 149 218
143 211 148 212
143 213 146 215
147 213 148 217
149 210 149 217
140 220 140 229
141 220 148 220
141 221 142 226
141 227 144 229
143 221 147 222
143 223 147 224
143 225 147 226
145 227 147 229
148 221 148 229
149 220 149 229
140 230 148 230
140 231 144 232
140 233 144 234
140 235 144 236
140 237 143 239
144 237 146 239
145 231 146 236
147 231 147 239
148 231 148 239
149 230 149 239
140 240 140 247
140 248 147 248
140 249 147 249
141 240 144 241
141 242 142 247
143 242 144 247
145 240 147 243
145 244 147 247
148 240 148 249
149 240 149 249
150 0 151 4
150 5 157 5
150 6 159 6
150 7 159 7
150 8 155 9
152 0 157 1
152 2 154 4
155 2 157 4
156 8 159 9
158 0 159 5
150 10 150 18
150 19 157 19
151 10 151 18
152 10 154 13
152 14 153 18
154 14 159 15
154 16 157 18
155 10 157 13
158 10 159 13
158 16 159 19
150 20 150 27
150 28 157 28
150 29 158 29
151 20 151 27
152 20 153 25
152 26 157 27
154 20 157 22
154 23 157 25
158 20 158 28
159 20 159 29
150 30 150 39
151 30 159 30
151 31 158 31
151 32 152 36
151 37 153 39
153 32 158 33
153 34 156 36
154 37 156 39
157 34 158 39
159 31 159 39
150 40 150 49
151 40 151 49
152 40 152 49
153 40 153 47
153 48 156 49
154 40 156 43
154 44 156 47
157 40 157 49
158 40 159 44
158 45 159 49
150 50 150 59
151 50 151 57
151 58 155 59
152 50 159 50
152 51 155 53
152 54 153 57
154 54 155 57
156 51 157 56
156 57 159 59
158 51 159 56
150 60 150 69
151 60 152 65
151 66 154 68
151 69 159 69
153 60 154 65
155 60 158 62
155 63 156 68
157 63 158 68
159 60 159 68
150 70 150 77
150 78 154 79
151 70 158 70
151 71 152 74
151 75 154 77
153 71 158 72
153 73 158 74
155 75 158 76
155 77 158 79
159 70 159 79
150 80 150 89
151 80 151 89
152 80 159 80
152 81 153 84
152 85 159 85
152 86 157 87
152 88 157 89
154 81 159 82
154 83 159 84
158 86 159 89
150 90 158 90
150 91 151 94
150 95 151 98
150 99 159 99
152 91 156 92
152 93 153 98
154 93 156 96
154 97 158 98
157 91 158 96
159 90 159 98
150 100 150 109
151 100 151 108
151 109 158 109
152 100 153 105
152 106 154 108
154 100 155 105
155 106 157 108
156 100 157 105
158 100 158 108
159 100 159 109
150 110 159 110
150 111 157 111
150 112 153 113
150 114 153 115
150 116 154 117
150 118 154 119
154 112 155 115
155 116 157 119
156 112 157 115
158 111 158 119
159 111 159 119
150 120 150 129
151 120 151 129
152 120 152 129
153 120 153 129
154 120 154 129
155 120 155 129
156 120 159 121
156 122 159 124
156 125 157 129
158 125 159 129
150 130 150 139
151 130 151 139
152 130 159 130
152 131 153 135
152 136 159 136
152 137 155 139
154 131 157 132
154 133 157 135
156 137 159 139
158 131 159 135
150 140 151 143
150 144 152 147
150 148 155 149
152 140 155 142
153 143 155 145
153 146 156 147
156 140 157 145
157 146 159 149
158 140 159 145
156 148 156 156
150 150 150 157
150 158 154 159
151 150 153 153
151 154 153 157
154 150 154 157
155 150 155 159
156 157 159 159
157 150 159 152
157 153 159 156
150 160 158 160
150 161 158 161
150 162 158 162
150 163 152 165
150 166 158 166
150 167 158 167
150 168 158 168
150 169 158 169
153 163 155 165
156 163 158 165
159 160 159 169
150 170 151 174
150 175 157 175
150 176 157 176
150 177 159 177
150 178 159 178
150 179 159 179
152 170 153 174
154 170 159 171
154 172 157 174
158 172 159 176
150 180 159 180
150 181 151 184
150 185 159 185
150 186 152 188
150 189 159 189
152 181 156 182
152 183 156 184
153 186 155 188
156 186 159 188
157 181 159 184
150 190 150 199
151 190 153 193
151 194 159 194
151 195 159 195
151 196 154 197
151 198 155 199
154 190 159 191
154 192 159 193
155 196 159 197
156 198 159 199
150 200 157 200
150 201 157 201
150 202 151 205
150 206 155 207
150 208 159 208
150 209 159 209
152 202 157 203
152 204 157 205
156 206 159 207
158 200 159 205
150 210 150 219
151 210 151 218
151 219 158 219
152 210 159 210
152 211 157 212
152 213 153 218
154 213 157 215
154 216 157 218
158 211 158 218
159 211 159 219
150 220 150 228
150 229 159 229
151 220 159 220
151 221 152 224
151 225 155 226
151 227 159 227
151 228 159 228
153 221 155 224
156 221 159 223
156 224 159 226
150 230 159 230
150 231 154 232
150 233 159 233
150 234 151 239
152 234 157 235
152 236 157 237
152 238 157 239
155 231 159 232
158 234 159 239
150 240 157 240
150 241 151 245
150 246 159 246
150 247 159 247
150 248 159 248
150 249 159 249
152 241 153 245
154 241 155 245
156 241 157 245
158 240 159 245
160 0 162 2
160 3 162 6
160 7 169 7
160 8 169 8
160 9 169 9
163 0 167 1
163 2 167 3
163 4 165 6
166 4 169 6
168 0 169 3
160 10 161 14
160 15 167 15
160 16 163 18
160 19 169 19
162 10 165 12
162 13 167 14
164 16 167 18
166 10 169 12
168 13 169 18
160 20 160 27
160 28 164 29
161 20 162 23
161 24 165 25
161 26 165 27
163 20 165 23
165 28 169 29
166 20 166 27
167 20 169 23
167 24 169 27
160 30 160 37
160 38 167 38
160 39 167 39
161 30 161 37
162 30 163 35
162 36 167 37
164 30 165 35
166 30 167 35
168 30 168 39
169 30 169 39
160 40 163 41
160 42 162 45
160 46 162 49
163 42 164 47
163 48 168 49
164 40 168 41
165 42 166 47
167 42 168 47
169 40 169 49
160 50 167 50
160 51 161 56
160 57 163 59
162 51 163 56
164 51 165 55
164 56 169 57
164 58 169 59
166 51 167 55
168 50 169 55
160 60 160 69
161 60 169 60
161 61 166 62
161 63 166 64
161 65 169 65
161 66 169 66
161 67 163 69
164 67 166 69
167 61 169 64
167 67 169 69
160 70 162 72
160 73 163 74
160 75 163 77
160 78 164 79
163 70 166 72
164 73 166 75
164 76 168 77
165 78 169 79
167 70 168 75
169 70 169 77
160 80 160 88
160 89 169 89
161 80 162 85
161 86 165 87
161 88 169 88
163 80 165 82
163 83 165 85
166 80 169 82
166 83 169 85
166 86 169 87
160 90 161 94
160 95 161 98
160 99 169 99
162 90 165 92
162 93 163 98
164 93 165 98
166 90 167 95
166 96 169 98
168 90 169 95
160 100 160 107
160 108 169 108
160 109 169 109
161 100 161 107
162 100 165 101
162 102 163 107
164 102 165 107
166 100 169 101
166 102 167 107
168 102 169 107
160 110 169 110
160 111 162 113
160 114 167 114
160 115 161 118
160 119 167 119
162 115 164 118
163 111 165 113
165 115 167 118
166 111 169 113
168 114 169 119
160 120 169 120
160 121 169 121
160 122 163 123
160 124 161 129
162 124 163 129
164 122 166 125
164 126 166 129
167 122 169 125
167 126 169 129
160 130 169 130
160 131 169 131
160 132 169 132
160 133 169 133
160 134 163 135
160 136 165 137
160 138 165 139
164 134 169 135
166 137 169 139
166 136 176 136
160 140 162 143
160 144 169 144
160 145 169 145
160 146 161 149
162 146 169 146
162 147 165 149
163 140 165 143
166 140 168 143
166 147 169 149
169 140 171 143
160 150 168 150
160 151 168 151
160 152 162 155
160 156 165 157
160 158 165 159
163 152 164 155
165 152 167 155
166 156 167 159
168 152 168 159
169 150 169 159
160 160 160 167
160 168 167 168
160 169 167 169
161 160 169 160
161 161 169 161
161 162 169 162
161 163 165 164
161 165 163 167
164 165 167 167
166 163 169 164
168 165 169 169
160 170 160 179
161 170 161 179
162 170 169 170
162 171 165 173
162 174 164 177
162 178 167 179
165 174 167 177
166 171 169 173
168 174 169 179
160 180 161 184
160 185 163 187
160 188 168 188
160 189 168 189
162 180 163 184
164 180 164 187
165 180 166 185
165 186 168 187
167 180 168 185
169 180 169 189
160 190 169 190
160 191 169 191
160 192 163 194
160 195 161 199
162 195 163 199
164 192 169 193
164 194 169 195
164 196 169 197
164 198 169 199
160 200 160 207
160 208 165 209
161 201 164 203
161 204 163 207
164 204 165 207
165 200 167 203
166 204 167 209
168 200 169 205
168 206 169 209
160 210 160 219
161 210 161 218
161 219 168 219
162 210 162 218
163 210 165 213
163 214 165 216
163 217 168 218
166 210 168 212
166 213 168 216
169 210 169 219
160 220 160 229
161 220 168 220
161 221 162 224
161 225 164 226
161 227 164 229
163 221 168 222
163 223 168 224
165 225 166 229
167 225 168 229
169 220 169 229
160 230 167 230
160 231 161 236
160 237 163 239
162 231 167 232
162 233 164 236
164 237 167 239
165 233 167 236
168 230 168 239
169 230 169 239
160 240 160 247
160 248 167 248
160 249 167 249
161 240 164 241
161 242 162 247
163 242 164 247
165 240 167 243
165 244 167 247
168 240 169 245
168 246 169 249
170 0 173 1
170 2 174 3
170 4 179 4
170 5 171 9
172 5 173 9
174 0 179 1
174 5 179 6
174 7 176 9
175 2 179 3
177 7 179 9
170 10 177 10
170 11 173 12
170 13 171 18
170 19 179 19
172 13 173 17
172 18 179 18
174 11 175 15
174 16 179 17
176 11 177 15
178 10 179 15
170 20 170 29
171 20 171 29
172 20 173 24
172 25 177 26
172 27 175 29
174 20 179 21
174 22 177 24
176 27 179 29
178 22 179 26
170 30 177 30
170 31 171 34
170 35 171 39
172 31 173 35
172 36 173 39
174 31 177 32
174 33 177 35
174 36 179 37
174 38 179 39
178 30 179 35
170 40 170 49
171 40 171 49
172 40 172 49
173 40 173 49
174 40 174 49
175 40 175 49
176 40 177 43
176 44 177 49
178 40 178 49
179 40 179 49
170 50 170 59
171 50 171 59
172 50 172 57
172 58 179 58
172 59 179 59
173 50 173 57
174 50 175 54
174 55 176 57
176 50 179 51
176 52 179 54
177 55 179 57
170 60 170 67
170 68 178 68
170 69 178 69
171 60 178 60
171 61 178 61
171 62 176 63
171 64 176 65
171 66 176 67
177 62 178 67
179 60 179 69
170 70 177 70
170 71 171 75
170 76 179 76
170 77 173 78
170 79 179 79
172 71 175 72
172 73 175 75
174 77 179 78
176 71 177 75
178 70 179 75
170 80 171 84
170 85 173 86
170 87 173 88
170 89 179 89
172 80 173 84
174 80 174 88
175 80 175 88
176 80 177 83
176 84 177 88
178 80 178 88
179 80 179 88
170 90 179 90
170 91 177 91
170 92 171 95
170 96 179 96
170 97 179 97
170 98 179 98
170 99 179 99
172 92 177 93
172 94 177 95
178 91 179 95
170 100 179 100
170 101 177 101
170 102 171 106
170 107 179 107
170 108 173 109
172 102 173 106
174 102 175 106
174 108 179 109
176 102 177 106
178 101 179 106
170 110 170 119
171 110 171 119
172 110 172 117
172 118 176 119
173 110 176 111
173 112 174 117
175 112 176 117
177 110 178 114
177 115 178 119
179 110 179 119
170 120 170 129
171 120 171 127
171 128 175 129
172 120 173 125
172 126 175 127
174 120 175 125
176 120 176 129
177 120 179 122
177 123 179 125
177 126 179 129
170 130 172 132
170 133 172 135
170 137 179 137
170 138 179 138
170 139 179 139
173 130 174 135
175 130 176 135
177 130 179 133
177 134 179 136
170 144 172 146
170 147 178 147
170 148 179 148
170 149 179 149
172 140 173 143
173 144 175 146
174 140 176 143
176 144 179 146
177 140 179 143
179 147 186 147
170 150 170 157
170 158 179 158
170 159 179 159
171 150 172 153
171 154 172 157
173 150 175 153
173 154 175 157
176 150 179 152
176 153 177 157
178 153 179 157
170 160 173 162
170 163 172 166
170 167 172 169
173 164 176 165
173 166 175 169
174 160 176 163
176 166 178 169
177 160 178 165
179 160 179 169
170 170 170 178
170 179 177 179
171 170 173 173
171 174 175 175
171 176 173 178
174 170 175 173
174 176 177 178
176 170 177 175
178 170 178 179
179 170 179 179
170 180 178 180
170 181 171 184
170 185 174 186
170 187 173 188
170 189 178 189
172 181 174 184
174 187 178 188
175 181 176 186
177 181 178 186
179 180 179 189
170 190 170 197
170 198 179 198
170 199 179 199
171 190 179 190
171 191 179 191
171 192 174 194
171 195 174 197
175 192 179 193
175 194 176 197
177 194 179 197
170 200 177 200
170 201 177 201
170 202 177 202
170 203 171 206
170 207 173 209
172 203 177 204
172 205 177 206
174 207 177 209
178 200 178 209
179 200 179 209
170 210 170 219
171 210 172 215
171 216 172 219
173 210 173 219
174 210 175 215
174 216 179 217
174 218 179 219
176 210 177 215
178 210 179 215
170 220 179 220
170 221 179 221
170 222 177 222
170 223 173 225
170 226 177 226
170 227 179 227
170 228 179 228
170 229 179 229
174 223 177 225
178 222 179 226
170 230 178 230
170 231 177 231
170 232 177 232
170 233 173 235
170 236 175 237
170 238 175 239
174 233 177 235
176 236 177 239
178 231 178 239
179 230 179 239
170 240 170 249
171 240 171 247
171 248 178 248
171 249 178 249
172 240 173 244
172 245 175 247
174 240 175 244
176 240 178 243
176 244 178 247
179 240 179 249
180 0 183 1
180 2 185 3
180 4 181 9
182 4 185 6
182 7 185 9
184 0 188 1
186 2 188 5
186 6 188 9
189 0 189 9
180 10 180 19
181 10 181 19
182 10 182 19
183 10 183 17
183 18 187 19
184 10 187 11
184 12 187 13
184 14 189 15
184 16 187 17
188 10 189 13
188 16 189 19
180 20 180 27
180 28 183 29
181 20 182 25
181 26 189 26
181 27 189 27
183 20 184 25
184 28 189 29
185 20 186 25
187 20 189 22
187 23 189 25
180 30 180 38
180 39 187 39
181 30 189 30
181 31 183 34
181 35 182 38
183 35 185 38
184 31 185 34
186 31 189 33
186 34 187 38
188 34 189 39
180 40 189 40
180 41 188 41
180 42 188 42
180 43 188 43
180 44 182 47
180 48 188 48
180 49 188 49
183 44 188 45
183 46 188 47
189 41 189 49
180 50 180 59
181 50 189 50
181 51 182 55
181 56 182 59
183 51 186 53
183 54 185 56
183 57 185 59
186 54 189 56
186 57 189 59
187 51 189 53
180 60 180 69
181 60 181 69
182 60 182 69
183 60 183 69
184 60 185 65
184 66 186 69
186 60 187 65
187 66 189 69
188 60 189 65
180 70 180 77
180 78 185 79
181 70 182 74
181 75 188 75
181 76 185 77
183 70 186 72
183 73 186 74
186 76 188 79
187 70 188 74
189 70 189 79
180 80 187 80
180 81 181 84
180 85 181 89
182 81 182 89
183 81 184 86
183 87 186 89
185 81 186 86
187 81 187 89
188 80 189 84
188 85 189 89
180 90 187 90
180 91 187 91
180 92 181 95
180 96 183 97
180 98 189 98
180 99 189 99
182 92 187 93
182 94 187 95
184 96 189 97
188 90 189 95
180 100 183 101
180 102 189 102
180 103 187 103
180 104 184 105
180 106 184 107
180 108 187 108
180 109 189 109
184 100 189 101
185 104 187 107
188 103 189 108
180 110 180 119
181 110 181 119
182 110 182 119
183 110 183 119
184 110 184 119
185 110 186 113
185 114 187 116
185 117 187 119
187 110 189 113
188 114 189 119
180 120 180 128
180 129 189 129
181 120 181 128
182 120 189 120
182 121 184 123
182 124 184 126
182 127 187 128
185 121 189 122
185 123 187 126
188 123 189 128
180 130 181 133
180 134 181 139
182 130 182 139
183 130 185 132
183 133 184 137
183 138 187 139
185 133 189 134
185 135 187 137
186 130 189 132
188 135 189 139
180 140 182 142
180 143 182 146
183 140 184 143
183 144 186 146
185 140 186 143
187 140 187 149
188 140 188 149
189 140 189 149
180 148 182 150
183 148 183 155
184 148 184 159
185 148 185 155
186 148 186 155
180 154 182 157
186 156 188 159
187 150 188 155
189 150 189 159
180 158 180 167
181 158 181 165
182 158 182 165
183 156 183 164
185 156 185 166
181 166 183 169
184 160 184 168
185 167 188 169
186 160 188 162
186 163 188 166
189 160 189 169
180 169 180 180
184 169 184 176
181 170 183 173
181 175 183 178
181 179 188 179
185 170 185 178
186 170 187 175
186 176 189 178
188 170 189 175
189 179 189 186
180 181 181 186
180 187 183 189
182 180 187 181
182 182 183 186
184 182 185 187
184 188 189 189
186 182 187 187
188 180 188 187
189 187 197 187
180 190 180 197
180 198 183 199
181 190 188 190
181 191 185 192
181 193 185 194
181 195 184 197
184 198 188 199
185 195 188 197
186 191 188 194
189 190 189 199
180 200 187 200
180 201 184 202
180 203 182 205
180 206 182 209
183 203 184 207
183 208 187 209
185 201 187 203
185 204 187 207
188 200 188 209
189 200 189 209
180 210 189 210
180 211 181 216
180 217 183 219
182 211 184 214
182 215 187 216
184 217 187 219
185 211 189 212
185 213 189 214
188 215 189 219
180 220 180 228
180 229 189 229
181 220 181 228
182 220 187 221
182 222 187 223
182 224 187 225
182 226 185 228
186 226 189 228
188 220 189 225
180 230 188 230
180 231 188 231
180 232 188 232
180 233 188 233
180 234 188 234
180 235 185 236
180 237 185 238
180 239 189 239
186 235 188 238
189 230 189 238
180 240 180 247
180 248 187 248
180 249 188 249
181 240 181 247
182 240 182 247
183 240 183 247
184 240 185 244
184 245 187 247
186 240 187 244
188 240 188 248
189 240 189 249
190 0 191 5
190 6 194 7
190 8 194 9
192 0 194 2
192 3 194 5
195 0 197 3
195 4 197 6
195 7 197 9
198 0 199 3
198 4 199 9
190 10 190 17
190 18 193 19
191 10 199 10
191 11 192 16
191 17 199 17
193 11 195 13
193 14 195 16
194 18 199 19
196 11 197 16
198 11 199 16
190 20 198 20
190 21 198 21
190 22 198 22
190 23 192 25
190 26 192 29
193 23 198 24
193 25 198 26
193 27 195 29
196 27 198 29
199 20 199 29
190 30 198 30
190 31 198 31
190 32 193 34
190 35 193 37
190 38 195 39
194 32 195 37
196 32 198 35
196 36 198 39
199 30 199 39
190 40 199 40
190 41 190 49
191 41 193 44
191 45 195 46
191 47 194 49
194 41 199 42
194 43 199 44
195 48 199 49
196 45 199 47
190 50 199 50
190 51 199 51
190 52 198 52
190 53 198 53
190 54 198 54
190 55 198 55
190 56 195 57
190 58 195 59
196 56 198 59
199 52 199 59
190 60 197 60
190 61 193 62
190 63 191 67
190 68 194 69
192 63 193 67
194 61 197 63
194 64 199 65
194 66 199 67
195 68 199 69
198 60 199 63
190 70 190 78
190 79 198 79
191 70 195 71
191 72 195 73
191 74 192 78
193 74 194 78
195 74 198 75
195 76 198 78
196 70 198 73
199 70 199 79
190 80 199 80
190 81 199 81
190 82 193 83
190 84 195 85
190 86 197 86
190 87 193 89
194 82 199 83
194 87 197 89
198 84 199 89
190 90 199 90
190 91 199 91
190 92 199 92
190 93 199 93
190 94 194 95
190 96 191 99
192 96 194 99
195 94 196 99
197 94 198 99
199 97 199 108
190 100 191 105
190 106 193 108
190 109 199 109
192 100 194 102
192 103 194 105
194 106 196 108
195 100 196 105
197 100 197 108
198 100 198 108
190 113 194 114
190 115 191 119
191 110 194 112
192 115 193 119
194 115 196 117
194 118 199 119
195 110 196 114
197 110 199 113
197 114 199 117
190 120 199 120
190 121 193 122
190 123 198 123
190 124 191 129
192 124 196 125
192 126 193 129
194 121 198 122
194 126 196 129
197 124 198 129
199 121 199 129
190 130 190 138
190 139 199 139
191 130 199 130
191 131 192 136
191 137 196 138
193 131 194 136
195 131 196 136
197 131 199 134
197 135 199 138
190 140 190 147
190 148 199 148
190 149 199 149
191 140 196 141
191 142 196 143
191 144 193 147
194 144 199 145
194 146 199 147
197 140 199 143
190 150 190 159
191 150 193 152
191 153 193 155
191 156 196 157
191 158 196 159
194 150 195 155
196 150 197 155
197 156 199 159
198 150 199 155
190 160 191 163
190 164 191 169
192 160 192 169
193 160 193 169
194 160 199 161
194 162 195 167
194 168 199 169
196 162 197 167
198 162 199 167
190 170 190 177
190 178 198 178
190 179 198 179
191 170 191 177
192 170 199 170
192 171 199 171
192 172 194 174
192 175 194 177
195 172 196 177
197 172 198 177
199 172 199 179
190 180 199 180
190 181 199 181
190 182 199 182
190 183 199 183
190 184 193 186
190 188 195 189
194 184 197 186
198 184 199 189
196 188 197 192
190 190 190 199
191 190 192 193
191 194 192 199
193 190 195 193
193 194 195 197
193 198 197 199
196 193 197 197
198 190 198 199
199 190 199 199
190 200 190 207
190 208 199 208
190 209 199 209
191 200 191 207
192 200 193 204
192 205 197 206
192 207 199 207
194 200 199 201
194 202 197 204
198 202 199 206
190 210 190 219
191 210 191 219
192 210 199 210
192 211 193 214
192 215 196 216
192 217 194 219
194 211 196 214
195 217 198 219
197 211 198 216
199 211 199 219
190 220 190 229
191 220 191 227
191 228 195 229
192 220 192 227
193 220 195 223
193 224 195 227
196 220 199 222
196 223 199 224
196 225 199 226
196 227 199 229
190 230 191 235
190 236 195 237
191 238 196 239
192 230 193 235
194 230 195 235
196 230 196 237
197 230 198 233
197 234 198 239
199 230 199 239
190 238 190 248
190 249 198 249
191 240 199 240
191 241 199 241
191 242 199 242
191 243 192 248
193 243 195 245
193 246 195 248
196 243 197 248
198 243 199 248
